0 Actimel 88 0,027 0,015 0,16 20
1 Agrest 60 0,012 0,09 0,118 24
2 Ananas 33 0,002 0 0,078 12
3 Arbuz 15 0,003 0,001 0,032 43
4 Bagietki_francuskie 282 0,079 0,017 0,601 22
5 Baklazan 21 0,011 0,0001 0,063 11
6 Knoppers 528 0,08 0,32 0,52 22
7 Brokuly 27 0,03 0,004 0,052 2
8 Cielecina 151 0,197 0,08 1 3
9 maliny 30 0,012 0,004 0,118 12
10 mandarynka 43 0,007 0,003 0,109 4
11 mango 66 0,007 0,004 0,177 7
12 marakuja 35 0,029 0,003 0,063 6
13 marmolada 271 0,005 0,002 0,689 10
14 kiwi 55 0,01 0,004 0,143 10
15 melon 33 0,01 0,004 0,085 2
16 morele 45 0,008 0,003 0,123 5
17 marchew 28 0,009 0,003 0,085 1
18 nektarynka 45 0,008 0,002 0,116 36
19 papaja 45 0,007 0,001 0,108 6
20 mozzarella 251 0,117 0,121 0,238 5
